;RSIDIS phaseII SHMS aerogel gain fators from LH2 production 27122-26
paero_neg_gain = 1./12.4983, 1./10.7245, 1./12.7997, 1./11.6857, 1./9.34642, 1./9.04931, 1./9.29852, 
paero_pos_gain = 1./6.84554, 1./10.4669, 1./10.728, 1./9.09416, 1./9.52267, 1./10.0776, 1./9.32944, 
